N = 1000

% Vytvorit nizsie uvedene vektory a vypocitat EX, DX a odchylku
%A1 = Bi(n,0.5)
%A2 = 1010101010...
%A3 = 111111111100000000

A2 = mod((1:1:N),2)